4294967279,126
4294967279,125
4294967279,124
4294967279,131
4294967279,130
4294967279,129
4294967279,128
4294967279,127
4294967278,205
4294967278,20
4294967278,19
4294967278,18
4294967278,17
4294967278,16
4294967278,15
4294967278,14
4294967278,13
4294967278,12
4294967278,11
4294967278,10
4294967278,9
4294967278,8
4294967278,7
4294967278,6
4294967278,5
4294967278,4
4294967279,132
4294967278,203
4294967294,30
4294967294,61
4294967278,201
4294967279,201
4294967278,200
4294967294,12
4294967278,60
4294967278,58
4294967278,57
4294967278,56
4294967278,55
4294967278,54
4294967278,53
4294967278,52
4294967278,51
4294967278,49
4294967278,359
4294967278,48
4294967278,47
4294967278,372
4294967278,46
4294967278,45
4294967278,44
4294967278,43
4294967278,42
4294967278,356
4294967278,41
4294967278,40
4294967278,355
4294967278,39
4294967278,396
4294967278,38
4294967278,37
4294967278,36
4294967278,35
4294967278,34
4294967278,371
4294967278,33
4294967278,310
4294967278,32
4294967278,31
4294967278,377
4294967278,30
4294967278,29
4294967278,28
4294967278,27
4294967278,26
4294967278,25
4294967278,24
4294967278,23
4294967278,22
4294967278,21
4294967278,260
4294967279,87
4294967279,82
4294967279,78
4294967279,76
4294967279,75
4294967279,74
4294967279,71
4294967279,70
4294967279,200
4294967279,514
4294967278,405
4294967279,198
4294967294,1418
4294967279,84
4294967279,513
4294967278,327
4294967279,512
4294967278,328
4294967278,326
4294967279,195
198,6
4294967278,325
4294967279,80
4294967279,318
4294967278,404
4294967279,79
4294967279,192
4294967279,316
4294967278,323
4294967279,191
4294967279,315
4294967278,321
4294967279,187
4294967278,184
198,5
4294967279,186
198,4
4294967278,185
198,3
198,2
198,1
4294967279,183
4294967279,182
4294967279,340
4294967279,68
4294967279,181
4294967278,318
4294967294,408
4294967294,397
4294967294,400
4294967294,1416
4294967294,178
4294967294,148
4294967294,414
4294967294,1014
4294967294,168
4294967294,454
4294967294,456
4294967294,466
4294967294,190
4294967279,179
4294967279,570
4294967279,65
4294967279,177
4294967279,309
4294967278,177
196,6
4294967279,308
4294967278,62
4294967278,314
4294967279,563
4294967278,61
4294967278,173
4294967278,363
4294967279,61
4294967279,549
4294967278,172
4294967278,59
4294967278,171
4294967278,313
4294967279,171
4294967279,306
4294967278,170
4294967279,170
4294967279,169
4294967278,300
4294967278,168
4294967279,168
196,5
4294967278,167
196,4
4294967279,167
196,3
196,2
196,1
4294967279,565
4294967278,166
4294967278,50
4294967278,164
4294967279,164
4294967279,163
4294967294,115
4294967279,161
4294967279,274
4294967278,403
4294967279,160
194,6
4294967279,157
4294967279,273
194,5
4294967279,155
4294967279,154
194,4
194,3
194,2
194,1
4294967279,153
4294967279,152
4294967279,151
4294967279,339
4294967279,150
193,5
4294967294,387
4294967279,148
193,4
4294967279,147
193,3
193,2
193,1
4294967279,146
4294967279,562
4294967279,141
4294967279,140
4294967279,272
4294967279,139
192,5
192,4
4294967279,138
192,3
192,2
192,1
4294967279,137
4294967279,134
4294967278,402
4294967278,346
4294967279,285
191,5
4294967279,133
4294967279,271
191,4
191,3
191,2
191,1
4294967279,270
4294967279,283
4294967279,279
4294967279,266
4294967279,282
4294967279,265
4294967279,264
4294967294,468
4294967279,263
4294967279,298
4294967279,280
4294967279,327
4294967279,296
4294967279,257
4294967279,297
4294967294,1413
4294967294,162
4294967294,528
4294967294,179
4294967294,391
4294967294,998
4294967279,561
4294967279,322
4294967278,386
4294967278,257
4294967278,351
4294967278,348
4294967278,347
4294967278,255
4294967278,380
4294967278,343
4294967278,252
4294967278,253
4294967278,379
4294967294,435
4294967278,251
4294967278,249
4294967278,247
4294967278,245
4294967294,76
4294967294,107
4294967294,149
4294967294,386
4294967294,52
4294967294,392
4294967294,388
4294967294,426
4294967294,436
4294967294,40
4294967294,38
4294967294,37
4294967294,43
4294967294,51
4294967294,42
4294967278,241
4294967278,240
4294967278,243
4294967279,59
4294967279,55
4294967279,53
4294967279,52
4294967279,51
4294967279,50
4294967279,48
4294967279,46
4294967279,44
4294967279,43
4294967279,38
4294967279,37
4294967279,36
4294967279,34
4294967279,33
4294967279,32
4294967279,31
4294967279,30
4294967279,29
4294967279,28
4294967279,26
4294967279,23
4294967279,20
4294967279,18
4294967279,16
4294967279,15
4294967279,14
4294967279,13
4294967279,12
4294967279,11
4294967279,10
4294967278,398
4294967278,132
4294967278,131
4294967278,130
4294967278,129
4294967278,128
4294967278,127
4294967278,126
4294967278,125
4294967278,124
4294967278,123
4294967278,122
4294967278,121
4294967278,120
4294967278,119
4294967278,118
4294967278,117
